[base]
package = ocean
env_name = puffer_drone
policy_name = Drone
rnn_name = Recurrent

[policy]
linear_size = 64
lstm_size = 16

[rnn]
input_size = 16
hidden_size = 16

[vec]
num_envs = 8

[env]
task = HOVER
num_envs = 16
num_drones = 64
max_rings = 10
alpha_dist = 0.8116961225990836
alpha_hover = 0.00551698934366556
alpha_omega = 0.0008382532864364659
alpha_shaping = 1.4530920628641915
hover_target_dist = 5.0
hover_dist = 0.1
hover_omega = 0.1
hover_vel = 0.1

[train]
adam_beta1 = 0.985440550468927
adam_beta2 = 0.9935664415331
adam_eps = 8.256208165283457e-08
anneal_lr = True
batch_size = auto
bptt_horizon = 64
checkpoint_interval = 200
clip_coef = 0.21879735935329342
ent_coef = 1.965688238903342e-05
gae_lambda = 0.995
gamma = 0.9769136350132555
learning_rate = 0.0023536823202288037
max_grad_norm = 0.1
max_minibatch_size = 32768
min_lr_ratio = 0.022657052131839994
minibatch_size = 8192
prio_alpha = 0.7008270415440124
prio_beta0 = 0.6884245924740793
total_timesteps = 1.931438624057913e+08
update_epochs = 1
use_rnn = True
vf_clip_coef = 2.3927523224022673
vf_coef = 4.7444726835171025
vtrace_c_clip = 1.3881333510556115
vtrace_rho_clip = 2.8071842710150943

[sweep.env.alpha_dist]
distribution = log_normal
min = 0.1
max = 100.0
mean = 1.0
scale = auto

[sweep.env.alpha_omega]
distribution = log_normal
min = 0.0001
max = 1.0
mean = 0.001
scale = auto

[sweep.env.alpha_hover]
distribution = log_normal
min = 0.001
max = 1.0
mean = 0.01
scale = auto

[sweep.env.alpha_shaping]
distribution = log_normal
min = 0.01
max = 10.0
mean = 1.0
scale = auto